pattern: .... 
weight: [[-0.467822,-1.25496,-1.4913,-0.599655,-1.46241],[-0.467822,0.322358,-0.813313,1.22793,-1.24023],[-0.467822,-0.983736,-1.02202,-2.77829,-0.56769],[-0.467822,1.56828,-0.0534564,1.89936,-0.750935],[-0.467822,-1.99105,1.04098,-2.08846,1.68216]] 
ene-param: ~T2004~
max-span: 20
rho-theta: 0.1
rho-lambda: 0.1
tau: 0.1 
lambda: 0.2
min-bpp: 0.0001 
