pattern: (.*) 
weight: [[0.060694,-1.46435,-1.94144,-1.05011,-1.78684],[0.060694,0.0494627,1.58351,-0.717628,-1.03785],[0.0733828,2.73125,-2.10516,0.164477,1.3921,0.267103,1.41594]] 
ene-param: ~T2004~
max-span: 20
max-internal-loop: 999
rho-theta: 0.1
rho-lambda: 0.1
tau: 0.1 
lambda: 0.53723
min-bpp: 0.0001 
