pattern: ..*.. 
weight: [[0.00530549,0.349575,0.988256,0.0196681,0.561283],[0.00530549,-0.839819,1.62685,-1.68719,-0.599092],[0.00530549,-0.340659,-3.23761,1.68697,0.524414],[0.00530549,0.428871,0.323443,-0.290714,-0.0954813],[0.00530549,0.42856,0.325587,0.297797,-0.364596]] 
ene-param: ~T2004~ 
max-span: 20 
rho: 0.1 
tau: 0.1 
lambda: 0 
min-bpp: 0.0001 
only-lin-seq: 1
only-rss: 0
