pattern: ..*..
s: [[0.00530549,0.349575,0.988256,0.0196681,0.561283],[0.00530549,-0.839819,1.62685,-1.68719,-0.599092],[0.00530549,-0.340659,-3.23761,1.68697,0.524414],[0.00530549,0.428871,0.323443,-0.290714,-0.0954813],[0.00530549,0.42856,0.325587,0.297797,-0.364596]]
ene-param: ~T2004~
max-span: 20
max-internal-loop: 999
rho-s: 0.1
rho-lambda: 0.1
tau: 0.1
lambda: [0.12,1.83]
min-bpp: 0.0001
no-rss: 0
no-profile: 1
